0.99685
0.60934
0.5529
0.55485
0.5318
0.70229
0.72419
0.68291
0.88175
0.81395
0.88599
0.96643
0.98637
0.59601
0.56944
0.84813
0.54691
0.7627
0.76517
0.93057
0.74243
0.69673
0.83572
0.87063
0.76003
0.67386
0.575
0.79305
0.63107
0.52223
0.87747
0.62139
0.7212
0.8439
0.67961
0.86817
0.69735
0.84171
0.85202
0.72115
0.50979
0.66543
0.71215
0.63514
0.59853
0.91086
0.71496
0.94389
0.69559
0.88456
0.6984
0.90426
0.87754
0.6887
0.60801
0.8952
0.97465
0.66378
0.83563
0.71932
0.91675
0.88443
0.58363
0.93099
